Time (h)	Temperature (K)	Fission rate (fiss / m3 s)	Hydrostatic stress (MPa)	Grain radius (m)	Xe produced (at/m3)	Xe in grain (at/m3)	Xe in intragranular solution (at/m3)	Xe in intragranular bubbles (at/m3)	Xe at grain boundary (at/m3)	Xe released (at/m3)	Xe133 produced (at/m3)	Xe133 in grain (at/m3)	Xe133 in intragranular solution (at/m3)	Xe133 in intragranular bubbles (at/m3)	Xe133 decayed (at/m3)	Xe133 at grain boundary (at/m3)	Xe133 released (at/m3)	Xe133 R/B (/)	Kr produced (at/m3)	Kr in grain (at/m3)	Kr in intragranular solution (at/m3)	Kr in intragranular bubbles (at/m3)	Kr at grain boundary (at/m3)	Kr released (at/m3)	Fission gas release (/)	Intragranular bubble concentration (bub/m3)	Intragranular bubble radius (m)	Intragranular gas swelling (/)	Intergranular bubble concentration (bub/m2)	Intergranular atoms per bubble (at/bub)	Intergranular vacancies per bubble (vac/bub)	Intergranular bubble radius (m)	Intergranular bubble area (m2)	Intergranular bubble volume (m3)	Intergranular fractional coverage (/)	Intergranular saturation fractional coverage (/)	Intergranular gas swelling (/)	Intergranular fractional intactness (/)	Burnup (MWd/kgUO2)	U235 (kg/m3)	U238 (kg/m3)	
0	1100	1e+19	0	5e-06	0	0	0	0	0	0	0	0	0	0	0	0	0	0	0	0	0	0	0	0	0	0	0	0	4e+13	0	0	0	0	0	0	0.5	0	1	0	7.43262e+26	2.372858e+28	
300	1100	1e+19	0	5e-06	2.592e+24	2.403153e+24	2.403153e+24	0	1.88847e+23	0	7.185672e+23	2.584402e+23	2.584402e+23	0	4.476551e+23	1.247189e+22	0	0	3.24e+23	3.003941e+23	3.003941e+23	0	2.360588e+22	0	0	1.323042e+24	0	0	3.896206e+13	9207.728	24627.02	1.355806e-08	3.388857e-16	1.76022e-24	0.01320368	0.5	4.114908e-05	1	0.355515	7.43262e+26	2.372858e+28	
600	1100	1e+19	0	5e-06	5.184e+24	4.734817e+24	4.185634e+24	5.491839e+23	4.491825e+23	0	1.437134e+24	3.545973e+23	3.136151e+23	4.098214e+22	1.064084e+24	1.84533e+22	0	0	6.48e+23	5.918522e+23	5.232042e+23	6.864799e+22	5.614782e+22	0	0	1.326283e+24	0	0	3.782577e+13	22563.32	93434.43	2.001898e-08	7.388253e-16	5.666304e-24	0.02794664	0.5	0.0001285994	1	0.7110301	7.43262e+26	2.372858e+28	
900	1100	1e+19	0	5e-06	7.776e+24	7.001761e+24	6.18788e+24	8.138816e+23	7.742385e+23	0	2.155702e+24	3.902193e+23	3.450225e+23	4.519681e+22	1.744143e+24	2.133918e+22	0	0	9.72e+23	8.752202e+23	7.73485e+23	1.017352e+23	9.677982e+22	0	0	1.326291e+24	1.65739e-10	2.529306e-05	3.649867e+13	40306.61	223879.7	2.602698e-08	1.248836e-15	1.245218e-23	0.04558086	0.5	0.0002726929	1	1.066545	7.43262e+26	2.372858e+28	
1200	1100	1e+19	0	5e-06	1.0368e+25	9.224651e+24	7.862976e+24	1.361674e+24	1.143349e+24	0	2.874269e+24	4.037252e+23	3.442816e+23	5.94436e+22	2.448192e+24	2.235142e+22	0	0	1.296e+24	1.153081e+24	9.82872e+23	1.702093e+23	1.429187e+23	0	0	9.766016e+23	2.092561e-10	3.748351e-05	3.506789e+13	61930.27	428041.7	3.173446e-08	1.856607e-15	2.257186e-23	0.06510731	0.5	0.0004749285	1	1.42206	7.43262e+26	2.372858e+28	
1500	1100	1e+19	0	5e-06	1.296e+25	1.139184e+25	1.006143e+25	1.330405e+24	1.56816e+24	0	3.592836e+24	4.084688e+23	3.608821e+23	4.758671e+22	3.161286e+24	2.308141e+22	0	0	1.62e+24	1.42398e+24	1.257679e+24	1.663007e+23	1.9602e+23	0	0	9.071064e+23	2.547017e-10	6.278302e-05	3.353836e+13	88799.68	727774.4	3.742753e-08	2.582499e-15	3.702947e-23	0.08661281	0.5	0.0007451448	1	1.777575	7.43262e+26	2.372858e+28	
1800	1100	1e+19	0	5e-06	1.5552e+25	1.351755e+25	1.200014e+25	1.517406e+24	2.034452e+24	0	4.311403e+24	4.102131e+23	3.642699e+23	4.594312e+22	3.877789e+24	2.34008e+22	0	0	1.944e+24	1.689694e+24	1.500018e+24	1.896757e+23	2.543065e+23	0	0	8.425774e+23	2.590442e-10	6.13508e-05	3.196286e+13	120869.2	1141329	4.310547e-08	3.425488e-15	5.656801e-23	0.1094884	0.5	0.001084845	1	2.13309	7.43262e+26	2.372858e+28	
2100	1100	1e+19	0	5e-06	1.8144e+25	1.560417e+25	1.396053e+25	1.643642e+24	2.53983e+24	0	5.02997e+24	4.108104e+23	3.676372e+23	4.317322e+22	4.595579e+24	2.35815e+22	0	0	2.268e+24	1.950521e+24	1.745066e+24	2.054553e+23	3.174788e+23	0	0	8.366844e+23	2.712966e-10	6.998155e-05	3.036887e+13	158803.5	1691619	4.881974e-08	4.393885e-15	8.217887e-23	0.1334373	0.5	0.001497408	1	2.488605	7.43262e+26	2.372858e+28	
2400	1100	1e+19	0	5e-06	2.0736e+25	1.765739e+25	1.579847e+25	1.858915e+24	3.078613e+24	0	5.748538e+24	4.110387e+23	3.678628e+23	4.317588e+22	5.313852e+24	2.364655e+22	0	0	2.592e+24	2.207173e+24	1.974809e+24	2.323644e+23	3.848267e+23	0	0	8.2065e+23	2.80424e-10	7.580399e-05	2.878082e+13	203101.1	2404275	5.45984e-08	5.495633e-15	1.149513e-22	0.1581688	0.5	0.001985035	1	2.84412	7.43262e+26	2.372858e+28	
2700	1100	1e+19	0	5e-06	2.3328e+25	1.967875e+25	1.763443e+25	2.044313e+24	3.649254e+24	0	6.467105e+24	4.111134e+23	3.684997e+23	4.26137e+22	6.032309e+24	2.368242e+22	0	0	2.916e+24	2.459843e+24	2.204304e+24	2.555391e+23	4.561568e+23	0	0	8.089854e+23	2.935667e-10	8.573333e-05	2.721237e+13	254612.1	3311570	6.048369e-08	6.744261e-15	1.562747e-22	0.1835273	0.5	0.002551563	1	3.199635	7.43262e+26	2.372858e+28	
3000	1100	1e+19	0	5e-06	2.592e+25	2.167045e+25	1.943591e+25	2.234542e+24	4.249551e+24	0	7.185672e+24	4.11136e+23	3.688338e+23	4.230216e+22	6.750834e+24	2.370153e+22	0	0	3.24e+24	2.708806e+24	2.429488e+24	2.793178e+23	5.311939e+23	0	0	7.926371e+23	3.050886e-10	9.428459e-05	2.567408e+13	314248.3	4452224	6.651136e-08	8.155478e-15	2.078076e-22	0.2093844	0.5	0.00320116	1	3.55515	7.43262e+26	2.372858e+28	
3300	1100	1e+19	0	5e-06	2.8512e+25	2.363376e+25	2.12305e+25	2.403258e+24	4.878239e+24	0	7.904239e+24	4.11133e+23	3.694152e+23	4.171779e+22	7.469386e+24	2.372022e+22	0	0	3.564e+24	2.95422e+24	2.653813e+24	3.004072e+23	6.097799e+23	0	0	7.786999e+23	3.161378e-10	0.0001030595	2.417361e+13	383117.3	5872972	7.271538e-08	9.747885e-15	2.715519e-22	0.2356416	0.5	0.003938634	1	3.910665	7.43262e+26	2.372858e+28	
3600	1100	1e+19	0	5e-06	3.1104e+25	2.557021e+25	2.300112e+25	2.569092e+24	5.533786e+24	0	8.622806e+24	4.111226e+23	3.699031e+23	4.121947e+22	8.187947e+24	2.373655e+22	0	0	3.888e+24	3.196277e+24	2.87514e+24	3.211365e+23	6.917233e+23	0	0	7.656789e+23	3.257289e-10	0.000110842	2.271739e+13	462446.2	7629222	7.912482e-08	1.154206e-14	3.498743e-22	0.2622054	0.5	0.004768939	1	4.26618	7.43262e+26	2.372858e+28	
3900	1100	1e+19	0	5e-06	3.3696e+25	2.748105e+25	2.475288e+25	2.728172e+24	6.214951e+24	0	9.341374e+24	4.111095e+23	3.703815e+23	4.072805e+22	8.906512e+24	2.375189e+22	0	0	4.212e+24	3.435131e+24	3.09411e+24	3.410215e+23	7.768688e+23	0	0	7.546374e+23	3.346726e-10	0.0001184916	2.131036e+13	553646.4	9786892	8.576683e-08	1.356115e-14	4.455864e-22	0.288993	0.5	0.005697365	1	4.621695	7.43262e+26	2.372858e+28	
4200	1100	1e+19	0	5e-06	3.6288e+25	2.936747e+25	2.648186e+25	2.885604e+24	6.920532e+24	0	1.005994e+25	4.110969e+23	3.70786e+23	4.031096e+22	9.625079e+24	2.376531e+22	0	0	4.536e+24	3.670934e+24	3.310233e+24	3.607005e+23	8.650665e+23	0	0	7.445562e+23	3.429773e-10	0.0001258294	1.99561e+13	658322.6	1.242471e+07	9.266826e-08	1.583142e-14	5.620396e-22	0.3159333	0.5	0.006729669	1	4.97721	7.43262e+26	2.372858e+28	
4500	1100	1e+19	0	5e-06	3.888e+25	3.123049e+25	2.819137e+25	3.039117e+24	7.649515e+24	0	1.077851e+25	4.11085e+23	3.711624e+23	3.992262e+22	1.034365e+25	2.377753e+22	0	0	4.86e+24	3.903811e+24	3.523921e+24	3.798896e+23	9.561893e+23	0	0	7.353751e+23	3.509004e-10	0.0001330911	1.865671e+13	778329.9	1.563771e+07	9.985808e-08	1.838333e-14	7.032723e-22	0.3429725	0.5	0.007872449	1	5.332725	7.43262e+26	2.372858e+28	
4800	1100	1e+19	0	5e-06	4.1472e+25	3.307103e+25	2.988158e+25	3.189447e+24	8.400975e+24	0	1.149708e+25	4.11074e+23	3.715085e+23	3.956543e+22	1.106221e+25	2.378872e+22	0	0	5.184e+24	4.133878e+24	3.735197e+24	3.986808e+23	1.050122e+24	0	0	7.267736e+23	3.58419e-10	0.0001401719	1.741302e+13	915822.2	1.954176e+07	1.07369e-07	2.125279e-14	8.742004e-22	0.3700752	0.5	0.009133481	1	5.68824	7.43262e+26	2.372858e+28	
5100	1100	1e+19	0	5e-06	4.4064e+25	3.488991e+25	3.155397e+25	3.335939e+24	9.174091e+24	0	1.221564e+25	4.110635e+23	3.718384e+23	3.922511e+22	1.178078e+25	2.379924e+22	0	0	5.508e+24	4.361239e+24	3.944246e+24	4.169924e+23	1.146761e+24	0	0	7.187499e+23	3.655845e-10	0.0001471058	1.622479e+13	1073324	2.427948e+07	1.152389e-07	2.44825e-14	1.080863e-21	0.3972234	0.5	0.01052207	1	6.043756	7.43262e+26	2.372858e+28	
5400	1100	1e+19	0	5e-06	4.6656e+25	3.668789e+25	3.32088e+25	3.479098e+24	9.968106e+24	0	1.293421e+25	4.110536e+23	3.721502e+23	3.890341e+22	1.249935e+25	2.380915e+22	0	0	5.832e+24	4.585987e+24	4.151099e+24	4.348873e+23	1.246013e+24	0	0	7.112262e+23	3.724022e-10	0.0001538626	1.50911e+13	1253805	3.002744e+07	1.235108e-07	2.812338e-14	1.330726e-21	0.4244128	0.5	0.01204927	1	6.399271	7.43262e+26	2.372858e+28	
5700	1100	1e+19	0	5e-06	4.9248e+25	3.846567e+25	3.484664e+25	3.619034e+24	1.078233e+25	0	1.365278e+25	4.110442e+23	3.724465e+23	3.859765e+22	1.321791e+25	2.381855e+22	0	0	6.156e+24	4.808209e+24	4.35583e+24	4.523792e+23	1.347791e+24	0	0	7.041768e+23	3.78911e-10	0.0001604657	1.401069e+13	1460775	3.700471e+07	1.322332e-07	3.223583e-14	1.633035e-21	0.4516464	0.5	0.01372797	1	6.754786	7.43262e+26	2.372858e+28	
6000	1100	1e+19	0	5e-06	5.184e+25	4.022389e+25	3.646782e+25	3.756061e+24	1.161611e+25	0	1.437134e+25	4.110353e+23	3.727274e+23	3.830788e+22	1.393648e+25	2.382746e+22	0	0	6.48e+24	5.027986e+24	4.558478e+24	4.695076e+23	1.452014e+24	0	0	6.975442e+23	3.851376e-10	0.0001669199	1.298231e+13	1698367	4.548278e+07	1.414588e-07	3.689076e-14	1.999234e-21	0.4789274	0.5	0.01557281	1	7.110301	7.43262e+26	2.372858e+28	
6300	1100	1e+19	0	5e-06	5.4432e+25	4.196313e+25	3.807283e+25	3.890293e+24	1.227668e+25	1.921943e+23	1.508991e+25	4.110268e+23	3.729946e+23	3.803224e+22	1.465505e+25	2.346851e+22	3.674049e+20	0.0008448756	6.804e+24	5.245391e+24	4.759104e+24	4.862866e+23	1.534585e+24	2.402428e+22	0.003530906	6.912865e+23	3.911113e-10	0.0001732399	1.193059e+13	1953145	5.527891e+07	1.507736e-07	4.190909e-14	2.420748e-21	0.5	0.5	0.01732856	1	7.465816	7.43262e+26	2.372858e+28	
6600	1100	1e+19	0	5e-06	5.7024e+25	4.368395e+25	3.966207e+25	4.021874e+24	1.232617e+25	1.013882e+24	1.580848e+25	4.110188e+23	3.732492e+23	3.776957e+22	1.537362e+25	2.200937e+22	1.834594e+21	0.004218788	7.128e+24	5.460493e+24	4.957759e+24	5.027342e+23	1.540771e+24	1.267352e+23	0.01777991	6.853618e+23	3.968529e-10	0.0001794308	1.076016e+13	2174290	6.475137e+07	1.58762e-07	4.64677e-14	2.826272e-21	0.5	0.5	0.01824669	1	7.821331	7.43262e+26	2.372858e+28	
6900	1100	1e+19	0	5e-06	5.9616e+25	4.538686e+25	4.123596e+25	4.150897e+24	1.24873e+25	1.741841e+24	1.652705e+25	4.110111e+23	3.734926e+23	3.751849e+22	1.609218e+25	2.080424e+22	3.047397e+21	0.007007721	7.452e+24	5.673357e+24	5.154495e+24	5.188621e+23	1.560912e+24	2.177301e+23	0.02921767	6.797388e+23	4.023809e-10	0.0001854995	9.827599e+12	2411692	7.434192e+07	1.66124e-07	5.087713e-14	3.237957e-21	0.5	0.5	0.01909281	1	8.176846	7.43262e+26	2.372858e+28	
7200	1100	1e+19	0	5e-06	6.2208e+25	4.707235e+25	4.279487e+25	4.277473e+24	1.272208e+25	2.41357e+24	1.724561e+25	4.110038e+23	3.737257e+23	3.727805e+22	1.681075e+25	1.976784e+22	4.091143e+21	0.009407896	7.776e+24	5.884043e+24	5.349359e+24	5.346841e+23	1.590261e+24	3.016962e+23	0.03879838	6.743902e+23	4.077105e-10	0.00019145	9.050944e+12	2667826	8.423486e+07	1.731048e-07	5.524286e-14	3.663544e-21	0.5	0.5	0.01989512	1	8.532361	7.43262e+26	2.372858e+28	
7500	1100	1e+19	0	5e-06	6.48e+25	4.874086e+25	4.433915e+25	4.401703e+24	1.300989e+25	3.049255e+24	1.796418e+25	4.109967e+23	3.739493e+23	3.704738e+22	1.752932e+25	1.885366e+22	5.012365e+21	0.01152632	8.1e+24	6.092607e+24	5.542394e+24	5.502128e+23	1.626236e+24	3.811569e+23	0.0470564	6.69293e+23	4.128558e-10	0.0001972877	8.385804e+12	2944520	9.454678e+07	1.798389e-07	5.962457e-14	4.10795e-21	0.5	0.5	0.02066908	1	8.887876	7.43262e+26	2.372858e+28	
7800	1100	1e+19	0	5e-06	6.7392e+25	5.039281e+25	4.586913e+25	4.523686e+24	1.333855e+25	3.660634e+24	1.868275e+25	4.1099e+23	3.741642e+23	3.682579e+22	1.824788e+25	1.803382e+22	5.838954e+21	0.01342712	8.424e+24	6.299102e+24	5.733641e+24	5.654607e+23	1.667319e+24	4.575792e+23	0.05431852	6.644268e+23	4.178293e-10	0.000203017	7.805546e+12	3243272	1.053543e+08	1.864037e-07	6.405701e-14	4.574433e-21	0.5	0.5	0.02142357	1	9.243391	7.43262e+26	2.372858e+28	
8100	1100	1e+19	0	5e-06	6.9984e+25	5.202862e+25	4.738511e+25	4.643511e+24	1.370043e+25	4.254947e+24	1.940131e+25	4.109835e+23	3.743709e+23	3.661262e+22	1.896645e+25	1.729028e+22	6.588992e+21	0.01515189	8.748e+24	6.503577e+24	5.923139e+24	5.804389e+23	1.712554e+24	5.318684e+23	0.06079885	6.597733e+23	4.226426e-10	0.0002086426	7.292826e+12	3565405	1.167093e+08	1.928449e-07	6.856053e-14	5.065221e-21	0.5	0.5	0.02216387	1	9.598906	7.43262e+26	2.372858e+28	
8400	1100	1e+19	0	5e-06	7.2576e+25	5.364865e+25	4.888739e+25	4.761263e+24	1.409047e+25	4.836883e+24	2.011988e+25	4.109772e+23	3.745699e+23	3.640728e+22	1.968502e+25	1.661051e+22	7.275006e+21	0.01672943	9.072e+24	6.706081e+24	6.110923e+24	5.951579e+23	1.761308e+24	6.046104e+23	0.06664577	6.553162e+23	4.273058e-10	0.0002141687	6.835566e+12	3912135	1.286476e+08	1.991906e-07	7.314684e-14	5.58188e-21	0.5	0.5	0.02289319	1	9.954421	7.43262e+26	2.372858e+28	
8700	1100	1e+19	0	5e-06	7.5168e+25	5.525326e+25	5.037625e+25	4.877017e+24	1.450513e+25	5.40961e+24	2.083845e+25	4.109712e+23	3.747619e+23	3.620926e+22	2.040359e+25	1.598536e+22	7.906179e+21	0.01818086	9.396e+24	6.906658e+24	6.297031e+24	6.096272e+23	1.813141e+24	6.762012e+23	0.07196692	6.510409e+23	4.318284e-10	0.000219599	6.42489e+12	4284611	1.411943e+08	2.054581e-07	7.782234e-14	6.12553e-21	0.5	0.5	0.02361351	1	10.30994	7.43262e+26	2.372858e+28	
9000	1100	1e+19	0	5e-06	7.776e+25	5.68428e+25	5.185195e+25	4.990846e+24	1.494186e+25	5.975346e+24	2.155702e+25	4.109654e+23	3.749473e+23	3.601807e+22	2.112215e+25	1.540779e+22	8.489556e+21	0.01952238	9.72e+24	7.10535e+24	6.481494e+24	6.238557e+23	1.867732e+24	7.469182e+23	0.07684344	6.469344e+23	4.362185e-10	0.0002249371	6.053994e+12	4683934	1.54367e+08	2.116582e-07	8.25901e-14	6.696983e-21	0.5	0.5	0.0243261	1	10.66545	7.43262e+26	2.372858e+28	
9300	1100	1e+19	0	5e-06	8.0352e+25	5.841758e+25	5.331476e+25	5.102816e+24	1.539872e+25	6.535702e+24	2.227558e+25	4.109598e+23	3.751265e+23	3.583328e+22	2.184072e+25	1.48722e+22	9.030753e+21	0.0207669	1.0044e+25	7.302197e+24	6.664345e+24	6.37852e+23	1.92484e+24	8.169628e+23	0.08133839	6.429853e+23	4.404838e-10	0.0002301863	5.717484e+12	5111174	1.681782e+08	2.177979e-07	8.745105e-14	7.296839e-21	0.5	0.5	0.02503174	1	11.02097	7.43262e+26	2.372858e+28	
9600	1100	1e+19	0	5e-06	8.2944e+25	5.997791e+25	5.476492e+25	5.212991e+24	1.587421e+25	7.091885e+24	2.299415e+25	4.109544e+23	3.752999e+23	3.56545e+22	2.255929e+25	1.4374e+22	9.534373e+21	0.02192502	1.0368e+25	7.497238e+24	6.845615e+24	6.516239e+23	1.984276e+24	8.864856e+23	0.08550208	6.391829e+23	4.446313e-10	0.0002353498	5.410977e+12	5567372	1.826367e+08	2.238815e-07	9.240476e-14	7.925537e-21	0.5	0.5	0.02573094	1	11.37648	7.43262e+26	2.372858e+28	
9900	1100	1e+19	0	5e-06	8.5536e+25	6.152408e+25	5.620265e+25	5.321432e+24	1.63671e+25	7.644822e+24	2.371272e+25	4.109491e+23	3.754677e+23	3.548139e+22	2.327785e+25	1.390934e+22	1.000428e+22	0.0230056	1.0692e+25	7.69051e+24	7.025331e+24	6.65179e+23	2.045887e+24	9.556028e+23	0.08937549	6.355179e+23	4.486672e-10	0.0002404304	5.130838e+12	6053549	1.977484e+08	2.299122e-07	9.744996e-14	8.583407e-21	0.5	0.5	0.02642404	1	11.732	7.43262e+26	2.372858e+28	
10200	1100	1e+19	0	5e-06	8.8128e+25	6.305638e+25	5.762819e+25	5.428194e+24	1.687637e+25	8.195247e+24	2.443128e+25	4.10944e+23	3.756304e+23	3.531361e+22	2.399642e+25	1.347494e+22	1.044377e+22	0.02401623	1.1016e+25	7.882048e+24	7.203523e+24	6.785242e+23	2.109546e+24	1.024406e+24	0.09299254	6.319816e+23	4.525974e-10	0.000245431	4.874014e+12	6570708	2.135173e+08	2.358917e-07	1.025849e-13	9.27069e-21	0.5	0.5	0.02711128	1	12.08751	7.43262e+26	2.372858e+28	
10500	1100	1e+19	0	5e-06	9.072e+25	6.457507e+25	5.904174e+25	5.533331e+24	1.740118e+25	8.743752e+24	2.514985e+25	4.109391e+23	3.757882e+23	3.515088e+22	2.471499e+25	1.306795e+22	1.085568e+22	0.02496347	1.134e+25	8.071884e+24	7.380217e+24	6.916663e+23	2.175147e+24	1.092969e+24	0.09638175	6.285663e+23	4.564273e-10	0.000250354	4.637904e+12	7119835	2.299456e+08	2.418217e-07	1.078073e-13	9.987565e-21	0.5	0.5	0.02779282	1	12.44303	7.43262e+26	2.372858e+28	
10800	1100	1e+19	0	5e-06	9.3312e+25	6.608041e+25	6.044351e+25	5.636893e+24	1.794077e+25	9.290827e+24	2.586842e+25	4.109343e+23	3.759414e+23	3.499291e+22	2.543356e+25	1.268589e+22	1.124252e+22	0.02585303	1.1664e+25	8.260051e+24	7.555439e+24	7.046116e+23	2.242596e+24	1.161353e+24	0.09956733	6.252647e+23	4.601618e-10	0.0002552021	4.420276e+12	7701899	2.470347e+08	2.477031e-07	1.131151e-13	1.073416e-20	0.5	0.5	0.02846877	1	12.79854	7.43262e+26	2.372858e+28	
11100	1100	1e+19	0	5e-06	9.5904e+25	6.757264e+25	6.183371e+25	5.738927e+24	1.849448e+25	9.836879e+24	2.658699e+25	4.109297e+23	3.760902e+23	3.483947e+22	2.615212e+25	1.232659e+22	1.160646e+22	0.02668994	1.1988e+25	8.44658e+24	7.729214e+24	7.173659e+23	2.311811e+24	1.22961e+24	0.1025701	6.220703e+23	4.638054e-10	0.0002599774	4.219202e+12	8317859	2.647848e+08	2.535368e-07	1.185058e-13	1.151057e-20	0.5	0.5	0.02913925	1	13.15406	7.43262e+26	2.372858e+28	
11400	1100	1e+19	0	5e-06	9.8496e+25	6.905199e+25	6.321251e+25	5.83948e+24	1.906175e+25	1.038226e+25	2.730555e+25	4.109252e+23	3.762349e+23	3.469032e+22	2.687069e+25	1.19881e+22	1.194946e+22	0.02747868	1.2312e+25	8.631499e+24	7.901564e+24	7.29935e+23	2.382719e+24	1.297782e+24	0.1054079	6.189772e+23	4.673625e-10	0.0002646823	4.033001e+12	8968658	2.831956e+08	2.593235e-07	1.239772e-13	1.231685e-20	0.5	0.5	0.02980433	1	13.50957	7.43262e+26	2.372858e+28	
11700	1100	1e+19	0	5e-06	1.01088e+26	7.051871e+25	6.458011e+25	5.938593e+24	1.964203e+25	1.092726e+25	2.802412e+25	4.109208e+23	3.763756e+23	3.454525e+22	2.758926e+25	1.166872e+22	1.227323e+22	0.02822322	1.2636e+25	8.814838e+24	8.072514e+24	7.423242e+23	2.455254e+24	1.365908e+24	0.1080965	6.159798e+23	4.708369e-10	0.0002693187	3.860206e+12	9655228	3.022662e+08	2.650641e-07	1.295268e-13	1.315305e-20	0.5	0.5	0.03046409	1	13.86509	7.43262e+26	2.372858e+28	
12000	1100	1e+19	0	5e-06	1.0368e+26	7.197299e+25	6.593668e+25	6.036308e+24	2.023486e+25	1.147215e+25	2.874269e+25	4.109165e+23	3.765125e+23	3.440406e+22	2.830783e+25	1.136689e+22	1.257932e+22	0.0289271	1.296e+25	8.996624e+24	8.242085e+24	7.545385e+23	2.529357e+24	1.434019e+24	0.1106496	6.13073e+23	4.742323e-10	0.0002738887	3.699527e+12	1.037849e+07	3.219953e+08	2.70759e-07	1.351524e-13	1.401919e-20	0.5	0.5	0.03111862	1	14.2206	7.43262e+26	2.372858e+28	
12300	1100	1e+19	0	5e-06	1.06272e+26	7.341506e+25	6.728239e+25	6.132664e+24	2.083978e+25	1.201716e+25	2.946126e+25	4.109124e+23	3.766458e+23	3.426657e+22	2.902639e+25	1.108124e+22	1.286912e+22	0.02959351	1.3284e+25	9.176882e+24	8.410299e+24	7.66583e+23	2.604973e+24	1.502145e+24	0.1130793	6.102522e+23	4.775521e-10	0.0002783942	3.549829e+12	1.113935e+07	3.423812e+08	2.764091e-07	1.408519e-13	1.491527e-20	0.5	0.5	0.03176799	1	14.57612	7.43262e+26	2.372858e+28	
12600	1100	1e+19	0	5e-06	1.08864e+26	7.484511e+25	6.861741e+25	6.227697e+24	2.145641e+25	1.256248e+25	3.017982e+25	4.109083e+23	3.767757e+23	3.413261e+22	2.974496e+25	1.081053e+22	1.314387e+22	0.03022533	1.3608e+25	9.355638e+24	8.577176e+24	7.784621e+23	2.682051e+24	1.57031e+24	0.1153961	6.075129e+23	4.807995e-10	0.0002828369	3.410105e+12	1.19387e+07	3.634222e+08	2.82015e-07	1.466231e-13	1.584129e-20	0.5	0.5	0.03241228	1	14.93163	7.43262e+26	2.372858e+28	
12900	1100	1e+19	0	5e-06	1.11456e+26	7.626334e+25	6.994189e+25	6.321442e+24	2.208436e+25	1.31083e+25	3.089839e+25	4.109044e+23	3.769024e+23	3.400201e+22	3.046353e+25	1.055363e+22	1.34047e+22	0.03082514	1.3932e+25	9.532917e+24	8.742737e+24	7.901803e+23	2.760546e+24	1.638537e+24	0.1176096	6.048512e+23	4.839774e-10	0.0002872186	3.279463e+12	1.277744e+07	3.851162e+08	2.875774e-07	1.52464e-13	1.679725e-20	0.5	0.5	0.03305157	1	15.28715	7.43262e+26	2.372858e+28	
13200	1100	1e+19	0	5e-06	1.14048e+26	7.766993e+25	7.1256e+25	6.413934e+24	2.27233e+25	1.365477e+25	3.161696e+25	4.109006e+23	3.770259e+23	3.387464e+22	3.118209e+25	1.030954e+22	1.365264e+22	0.03139528	1.4256e+25	9.708742e+24	8.907e+24	8.017418e+23	2.840412e+24	1.706846e+24	0.1197283	6.022633e+23	4.870888e-10	0.0002915408	3.157109e+12	1.365644e+07	4.074609e+08	2.93097e-07	1.583728e-13	1.778312e-20	0.5	0.5	0.03368594	1	15.64266	7.43262e+26	2.372858e+28	
13500	1100	1e+19	0	5e-06	1.1664e+26	7.906508e+25	7.255987e+25	6.505205e+24	2.337288e+25	1.420204e+25	3.233552e+25	4.108968e+23	3.771465e+23	3.375035e+22	3.190066e+25	1.007732e+22	1.38886e+22	0.03193788	1.458e+25	9.883135e+24	9.069984e+24	8.131506e+23	2.92161e+24	1.775255e+24	0.1217596	5.997457e+23	4.901361e-10	0.0002958052	3.042334e+12	1.457656e+07	4.304541e+08	2.985745e-07	1.643475e-13	1.879888e-20	0.5	0.5	0.03431548	1	15.99818	7.43262e+26	2.372858e+28	
13800	1100	1e+19	0	5e-06	1.19232e+26	8.044895e+25	7.385366e+25	6.595285e+24	2.403281e+25	1.475024e+25	3.305409e+25	4.108932e+23	3.772642e+23	3.362901e+22	3.261923e+25	9.856157e+21	1.411342e+22	0.03245488	1.4904e+25	1.005612e+25	9.231708e+24	8.244106e+23	3.004102e+24	1.84378e+24	0.1237104	5.972952e+23	4.931218e-10	0.0003000132	2.934504e+12	1.553866e+07	4.540933e+08	3.040106e-07	1.703866e-13	1.98445e-20	0.5	0.5	0.03494026	1	16.35369	7.43262e+26	2.372858e+28	
14100	1100	1e+19	0	5e-06	1.21824e+26	8.182172e+25	7.513751e+25	6.684204e+24	2.470281e+25	1.529948e+25	3.377266e+25	4.108896e+23	3.773791e+23	3.35105e+22	3.33378e+25	9.645274e+21	1.432787e+22	0.03294803	1.5228e+25	1.022771e+25	9.392189e+24	8.355255e+23	3.087851e+24	1.912434e+24	0.1255867	5.949087e+23	4.960484e-10	0.0003041662	2.83305e+12	1.65436e+07	4.783762e+08	3.094062e-07	1.764882e-13	2.091996e-20	0.5	0.5	0.03556037	1	16.70921	7.43262e+26	2.372858e+28	
14400	1100	1e+19	0	5e-06	1.24416e+26	8.318354e+25	7.641155e+25	6.77199e+24	2.53826e+25	1.584986e+25	3.449123e+25	4.108861e+23	3.774914e+23	3.33947e+22	3.405636e+25	9.443981e+21	1.453265e+22	0.03341893	1.5552e+25	1.039794e+25	9.551444e+24	8.464988e+23	3.172825e+24	1.981233e+24	0.1273941	5.925834e+23	4.989178e-10	0.0003082657	2.737462e+12	1.75922e+07	5.033003e+08	3.147618e-07	1.82651e-13	2.202522e-20	0.5	0.5	0.03617591	1	17.06472	7.43262e+26	2.372858e+28	
14700	1100	1e+19	0	5e-06	1.27008e+26	8.453459e+25	7.767592e+25	6.85867e+24	2.607193e+25	1.640149e+25	3.520979e+25	4.108827e+23	3.776012e+23	3.328152e+22	3.477493e+25	9.251643e+21	1.472839e+22	0.03386906	1.5876e+25	1.056682e+25	9.70949e+24	8.573338e+23	3.258991e+24	2.050186e+24	0.1291374	5.903167e+23	5.017323e-10	0.0003123128	2.647277e+12	1.868531e+07	5.28863e+08	3.200784e-07	1.888733e-13	2.316024e-20	0.5	0.5	0.03678695	1	17.42024	7.43262e+26	2.372858e+28	
15000	1100	1e+19	0	5e-06	1.296e+26	8.587501e+25	7.893074e+25	6.944271e+24	2.677056e+25	1.695444e+25	3.592836e+25	4.108794e+23	3.777085e+23	3.317084e+22	3.54935e+25	9.067678e+21	1.491569e+22	0.03429976	1.62e+25	1.073438e+25	9.866342e+24	8.680338e+23	3.34632e+24	2.119305e+24	0.1308213	5.88106e+23	5.044937e-10	0.0003163089	2.562082e+12	1.982373e+07	5.55062e+08	3.253566e-07	1.951538e-13	2.4325e-20	0.5	0.5	0.03739357	1	17.77575	7.43262e+26	2.372858e+28	
15300	1100	1e+19	0	5e-06	1.32192e+26	8.720495e+25	8.017613e+25	7.028816e+24	2.747826e+25	1.750879e+25	3.664693e+25	4.108761e+23	3.778136e+23	3.306257e+22	3.621206e+25	8.891553e+21	1.509507e+22	0.03471226	1.6524e+25	1.090062e+25	1.002202e+25	8.786021e+23	3.434782e+24	2.188599e+24	0.1324497	5.859491e+23	5.072039e-10	0.0003202552	2.481498e+12	2.100828e+07	5.818946e+08	3.305972e-07	2.014912e-13	2.551945e-20	0.5	0.5	0.03799588	1	18.13127	7.43262e+26	2.372858e+28	
15600	1100	1e+19	0	5e-06	1.34784e+26	8.852457e+25	8.141223e+25	7.112331e+24	2.819482e+25	1.806462e+25	3.736549e+25	4.108729e+23	3.779163e+23	3.295663e+22	3.693063e+25	8.722779e+21	1.526703e+22	0.03510769	1.6848e+25	1.106557e+25	1.017653e+25	8.890414e+23	3.524352e+24	2.258077e+24	0.1340264	5.838437e+23	5.098646e-10	0.0003241528	2.405186e+12	2.223978e+07	6.093583e+08	3.358008e-07	2.078841e-13	2.674356e-20	0.5	0.5	0.03859394	1	18.48678	7.43262e+26	2.372858e+28	
15900	1100	1e+19	0	5e-06	1.37376e+26	8.983399e+25	8.263915e+25	7.194838e+24	2.892002e+25	1.862198e+25	3.808406e+25	4.108698e+23	3.780169e+23	3.285292e+22	3.76492e+25	8.560905e+21	1.543202e+22	0.0354871	1.7172e+25	1.122925e+25	1.032989e+25	8.993548e+23	3.615003e+24	2.327748e+24	0.1355548	5.817877e+23	5.124775e-10	0.0003280028	2.332835e+12	2.351901e+07	6.374508e+08	3.409683e-07	2.143315e-13	2.799729e-20	0.5	0.5	0.03918785	1	18.8423	7.43262e+26	2.372858e+28	
16200	1100	1e+19	0	5e-06	1.39968e+26	9.113337e+25	8.385701e+25	7.27636e+24	2.965369e+25	1.918094e+25	3.880263e+25	4.108668e+23	3.781154e+23	3.275136e+22	3.836777e+25	8.405516e+21	1.559046e+22	0.03585145	1.7496e+25	1.139167e+25	1.048213e+25	9.09545e+23	3.706711e+24	2.397618e+24	0.1370381	5.797792e+23	5.150442e-10	0.0003318063	2.264165e+12	2.484676e+07	6.661695e+08	3.461004e-07	2.20832e-13	2.928062e-20	0.5	0.5	0.03977768	1	19.19781	7.43262e+26	2.372858e+28	
16500	1100	1e+19	0	5e-06	1.4256e+26	9.242283e+25	8.506591e+25	7.356918e+24	3.039562e+25	1.974155e+25	3.95212e+25	4.108638e+23	3.782119e+23	3.265189e+22	3.908633e+25	8.256229e+21	1.574273e+22	0.03620162	1.782e+25	1.155285e+25	1.063324e+25	9.196147e+23	3.799452e+24	2.467694e+24	0.1384789	5.778164e+23	5.17566e-10	0.0003355643	2.198917e+12	2.622382e+07	6.95512e+08	3.511977e-07	2.273847e-13	3.059349e-20	0.5	0.5	0.04036352	1	19.55333	7.43262e+26	2.372858e+28	
16800	1100	1e+19	0	5e-06	1.45152e+26	9.370251e+25	8.626597e+25	7.436532e+24	3.114564e+25	2.030385e+25	4.023976e+25	4.108609e+23	3.783064e+23	3.255442e+22	3.98049e+25	8.11269e+21	1.58892e+22	0.03653843	1.8144e+25	1.171281e+25	1.078325e+25	9.295665e+23	3.893205e+24	2.537981e+24	0.1398799	5.758976e+23	5.200445e-10	0.0003392778	2.136857e+12	2.765096e+07	7.254759e+08	3.562611e-07	2.339885e-13	3.193589e-20	0.5	0.5	0.04094546	1	19.90884	7.43262e+26	2.372858e+28	
17100	1100	1e+19	0	5e-06	1.47744e+26	9.497252e+25	8.74573e+25	7.515222e+24	3.190359e+25	2.086789e+25	4.095833e+25	4.10858e+23	3.783991e+23	3.245889e+22	4.052347e+25	7.974572e+21	1.603019e+22	0.03686263	1.8468e+25	1.187157e+25	1.093216e+25	9.394028e+23	3.987948e+24	2.608486e+24	0.1412436	5.74021e+23	5.224811e-10	0.0003429478	2.077772e+12	2.912895e+07	7.560588e+08	3.61291e-07	2.406424e-13	3.330776e-20	0.5	0.5	0.04152356	1	20.26436	7.43262e+26	2.372858e+28	
17400	1100	1e+19	0	5e-06	1.50336e+26	9.6233e+25	8.863999e+25	7.593009e+24	3.266929e+25	2.143371e+25	4.16769e+25	4.108552e+23	3.784899e+23	3.236524e+22	4.124203e+25	7.841571e+21	1.6166e+22	0.03717495	1.8792e+25	1.202913e+25	1.108e+25	9.491261e+23	4.083661e+24	2.679214e+24	0.142572	5.721851e+23	5.248768e-10	0.0003465751	2.021464e+12	3.065855e+07	7.872583e+08	3.662883e-07	2.473455e-13	3.470909e-20	0.5	0.5	0.0420979	1	20.61987	7.43262e+26	2.372858e+28	
17700	1100	1e+19	0	5e-06	1.52928e+26	9.748407e+25	8.981416e+25	7.669909e+24	3.344259e+25	2.200134e+25	4.239546e+25	4.108524e+23	3.78579e+23	3.227339e+22	4.19606e+25	7.713405e+21	1.629692e+22	0.03747601	1.9116e+25	1.218551e+25	1.122677e+25	9.587386e+23	4.180324e+24	2.750167e+24	0.1438673	5.703885e+23	5.272331e-10	0.0003501607	1.967754e+12	3.224052e+07	8.190722e+08	3.712536e-07	2.540968e-13	3.613983e-20	0.5	0.5	0.04266857	1	20.97539	7.43262e+26	2.372858e+28	
18000	1100	1e+19	0	5e-06	1.5552e+26	9.872584e+25	9.09799e+25	7.745941e+24	3.422335e+25	2.257081e+25	4.311403e+25	4.108497e+23	3.786664e+23	3.21833e+22	4.267917e+25	7.589814e+21	1.642321e+22	0.03776643	1.944e+25	1.234073e+25	1.137249e+25	9.682427e+23	4.277919e+24	2.821352e+24	0.1451313	5.686298e+23	5.29551e-10	0.0003537054	1.916476e+12	3.38756e+07	8.514981e+08	3.761876e-07	2.608956e-13	3.759995e-20	0.5	0.5	0.04323563	1	21.3309	7.43262e+26	2.372858e+28	
18300	1100	1e+19	0	5e-06	1.58112e+26	9.995842e+25	9.21373e+25	7.821123e+24	3.501142e+25	2.314216e+25	4.38326e+25	4.108471e+23	3.787522e+23	3.20949e+22	4.339774e+25	7.470555e+21	1.654513e+22	0.03804678	1.9764e+25	1.24948e+25	1.151716e+25	9.776404e+23	4.376427e+24	2.89277e+24	0.1463656	5.669077e+23	5.318318e-10	0.0003572101	1.867477e+12	3.556453e+07	8.845338e+08	3.810908e-07	2.677409e-13	3.908943e-20	0.5	0.5	0.04379916	1	21.68642	7.43262e+26	2.372858e+28	
18600	1100	1e+19	0	5e-06	1.60704e+26	1.011819e+26	9.328646e+25	7.895471e+24	3.580665e+25	2.371541e+25	4.455117e+25	4.108445e+23	3.788363e+23	3.200815e+22	4.41163e+25	7.3554e+21	1.666288e+22	0.03831757	2.0088e+25	1.264774e+25	1.166081e+25	9.869339e+23	4.475832e+24	2.964426e+24	0.147572	5.652208e+23	5.340763e-10	0.0003606755	1.820618e+12	3.730805e+07	9.18177e+08	3.859639e-07	2.746321e-13	4.060823e-20	0.5	0.5	0.04435924	1	22.04193	7.43262e+26	2.372858e+28	
18900	1100	1e+19	0	5e-06	1.63296e+26	1.023965e+26	9.442749e+25	7.969001e+24	3.660893e+25	2.429058e+25	4.526973e+25	4.108419e+23	3.789189e+23	3.192298e+22	4.483487e+25	7.244139e+21	1.67767e+22	0.03857929	2.0412e+25	1.279956e+25	1.180344e+25	9.961251e+23	4.576116e+24	3.036323e+24	0.1487519	5.63568e+23	5.362857e-10	0.0003641024	1.775769e+12	3.91069e+07	9.524256e+08	3.908075e-07	2.815682e-13	4.215632e-20	0.5	0.5	0.04491592	1	22.39745	7.43262e+26	2.372858e+28	
19200	1100	1e+19	0	5e-06	1.65888e+26	1.036022e+26	9.556045e+25	8.041729e+24	3.741812e+25	2.48677e+25	4.59883e+25	4.108394e+23	3.79e+23	3.183936e+22	4.555344e+25	7.136575e+21	1.688677e+22	0.03883241	2.0736e+25	1.295027e+25	1.194506e+25	1.005216e+24	4.677265e+24	3.108463e+24	0.1499066	5.619481e+23	5.384609e-10	0.0003674915	1.73281e+12	4.096178e+07	9.872775e+08	3.956222e-07	2.885487e-13	4.373367e-20	0.5	0.5	0.04546928	1	22.75296	7.43262e+26	2.372858e+28	
19500	1100	1e+19	0	5e-06	1.6848e+26	1.047991e+26	9.668545e+25	8.11367e+24	3.823409e+25	2.544678e+25	4.670687e+25	4.108369e+23	3.790797e+23	3.175724e+22	4.627201e+25	7.032524e+21	1.699328e+22	0.03907734	2.106e+25	1.309989e+25	1.208568e+25	1.014209e+24	4.779262e+24	3.180848e+24	0.1510374	5.603601e+23	5.406029e-10	0.0003708437	1.69163e+12	4.287342e+07	1.02273e+09	4.004086e-07	2.955729e-13	4.534026e-20	0.5	0.5	0.04601938	1	23.10848	7.43262e+26	2.372858e+28	
19800	1100	1e+19	0	5e-06	1.71072e+26	1.059874e+26	9.780258e+25	8.184839e+24	3.905674e+25	2.602784e+25	4.742544e+25	4.108345e+23	3.79158e+23	3.167656e+22	4.699057e+25	6.931814e+21	1.709641e+22	0.03931449	2.1384e+25	1.324843e+25	1.222532e+25	1.023105e+24	4.882092e+24	3.25348e+24	0.1521455	5.58803e+23	5.427125e-10	0.0003741595	1.652128e+12	4.484254e+07	1.058782e+09	4.051672e-07	3.0264e-13	4.697606e-20	0.5	0.5	0.04656628	1	23.46399	7.43262e+26	2.372858e+28	
20100	1100	1e+19	0	5e-06	1.73664e+26	1.071672e+26	9.891191e+25	8.25525e+24	3.988594e+25	2.66109e+25	4.8144e+25	4.108321e+23	3.792348e+23	3.15973e+22	4.770914e+25	6.834285e+21	1.719631e+22	0.03954423	2.1708e+25	1.339589e+25	1.236399e+25	1.031906e+24	4.985743e+24	3.326363e+24	0.1532321	5.572757e+23	5.447906e-10	0.0003774397	1.614208e+12	4.686983e+07	1.095431e+09	4.098985e-07	3.097494e-13	4.864104e-20	0.5	0.5	0.04711006	1	23.81951	7.43262e+26	2.372858e+28	
20400	1100	1e+19	0	5e-06	1.76256e+26	1.083384e+26	1.000135e+26	8.324917e+24	4.072159e+25	2.719597e+25	4.886257e+25	4.108298e+23	3.793104e+23	3.15194e+22	4.842771e+25	6.739784e+21	1.729315e+22	0.03976691	2.2032e+25	1.354231e+25	1.250169e+25	1.040615e+24	5.090198e+24	3.399496e+24	0.1542981	5.557774e+23	5.46838e-10	0.0003806849	1.577782e+12	4.8956e+07	1.132675e+09	4.146031e-07	3.169005e-13	5.033518e-20	0.5	0.5	0.04765077	1	24.17502	7.43262e+26	2.372858e+28	
20700	1100	1e+19	0	5e-06	1.78848e+26	1.095014e+26	1.011075e+26	8.393853e+24	4.156357e+25	2.778306e+25	4.958114e+25	4.108275e+23	3.793847e+23	3.144284e+22	4.914627e+25	6.648171e+21	1.738705e+22	0.03998285	2.2356e+25	1.368767e+25	1.263844e+25	1.049232e+24	5.195446e+24	3.472882e+24	0.1553445	5.54307e+23	5.488556e-10	0.0003838957	1.542768e+12	5.110175e+07	1.170512e+09	4.192816e-07	3.240928e-13	5.205846e-20	0.5	0.5	0.04818847	1	24.53054	7.43262e+26	2.372858e+28	
21000	1100	1e+19	0	5e-06	1.8144e+26	1.10656e+26	1.02194e+26	8.462072e+24	4.241179e+25	2.837218e+25	5.02997e+25	4.108253e+23	3.794577e+23	3.136756e+22	4.986484e+25	6.559313e+21	1.747816e+22	0.04019237	2.268e+25	1.3832e+25	1.277425e+25	1.057759e+24	5.301474e+24	3.546522e+24	0.1563722	5.528638e+23	5.50844e-10	0.0003870729	1.509089e+12	5.330776e+07	1.20894e+09	4.239344e-07	3.313256e-13	5.381084e-20	0.5	0.5	0.04872322	1	24.88605	7.43262e+26	2.372858e+28	
21300	1100	1e+19	0	5e-06	1.84032e+26	1.118025e+26	1.032729e+26	8.529585e+24	4.326614e+25	2.896334e+25	5.101827e+25	4.108231e+23	3.795295e+23	3.129354e+22	5.058341e+25	6.473085e+21	1.756661e+22	0.04039575	2.3004e+25	1.397531e+25	1.290912e+25	1.066198e+24	5.408268e+24	3.620417e+24	0.1573821	5.51447e+23	5.52804e-10	0.0003902169	1.476675e+12	5.557472e+07	1.247957e+09	4.28562e-07	3.385985e-13	5.559231e-20	0.5	0.5	0.04925507	1	25.24157	7.43262e+26	2.372858e+28	
21600	1100	1e+19	0	5e-06	1.86624e+26	1.129409e+26	1.043445e+26	8.596405e+24	4.412654e+25	2.955654e+25	5.173684e+25	4.108209e+23	3.796001e+23	3.122074e+22	5.130198e+25	6.38937e+21	1.76525e+22	0.04059327	2.3328e+25	1.411761e+25	1.304306e+25	1.074551e+24	5.515817e+24	3.694568e+24	0.1583748	5.500557e+23	5.547364e-10	0.0003933283	1.445459e+12	5.790331e+07	1.287561e+09	4.331648e-07	3.459109e-13	5.740286e-20	0.5	0.5	0.04978409	1	25.59708	7.43262e+26	2.372858e+28	
21900	1100	1e+19	0	5e-06	1.89216e+26	1.140713e+26	1.054088e+26	8.662545e+24	4.499287e+25	3.015181e+25	5.245541e+25	4.108187e+23	3.796696e+23	3.114913e+22	5.202054e+25	6.308057e+21	1.773596e+22	0.04078519	2.3652e+25	1.425891e+25	1.31761e+25	1.082818e+24	5.624109e+24	3.768976e+24	0.1593513	5.486893e+23	5.566417e-10	0.0003964078	1.415379e+12	6.02942e+07	1.327751e+09	4.377435e-07	3.532622e-13	5.924244e-20	0.5	0.5	0.05031032	1	25.9526	7.43262e+26	2.372858e+28	
22200	1100	1e+19	0	5e-06	1.91808e+26	1.151938e+26	1.064658e+26	8.728015e+24	4.586506e+25	3.074913e+25	5.317397e+25	4.108166e+23	3.797379e+23	3.107868e+22	5.273911e+25	6.229041e+21	1.781708e+22	0.04097174	2.3976e+25	1.439923e+25	1.330822e+25	1.091002e+24	5.733133e+24	3.843641e+24	0.160312	5.473469e+23	5.585206e-10	0.0003994559	1.386378e+12	6.274808e+07	1.368524e+09	4.422983e-07	3.60652e-13	6.111106e-20	0.5	0.5	0.05083381	1	26.30811	7.43262e+26	2.372858e+28	
22500	1100	1e+19	0	5e-06	1.944e+26	1.163085e+26	1.075156e+26	8.792827e+24	4.674302e+25	3.134852e+25	5.389254e+25	4.108145e+23	3.798052e+23	3.100936e+22	5.345768e+25	6.152225e+21	1.789597e+22	0.04115315	2.43e+25	1.453856e+25	1.343945e+25	1.099103e+24	5.842878e+24	3.918565e+24	0.1612578	5.460279e+23	5.603737e-10	0.000402473	1.358401e+12	6.526559e+07	1.409879e+09	4.468298e-07	3.680799e-13	6.300868e-20	0.5	0.5	0.05135462	1	26.66363	7.43262e+26	2.372858e+28	
22800	1100	1e+19	0	5e-06	1.96992e+26	1.174154e+26	1.085584e+26	8.856991e+24	4.762666e+25	3.194997e+25	5.461111e+25	4.108125e+23	3.798714e+23	3.094113e+22	5.417624e+25	6.077516e+21	1.797272e+22	0.04132965	2.4624e+25	1.467692e+25	1.35698e+25	1.107124e+24	5.953332e+24	3.993747e+24	0.1621892	5.447317e+23	5.622017e-10	0.0004054598	1.331397e+12	6.784742e+07	1.451814e+09	4.513384e-07	3.755453e-13	6.493529e-20	0.5	0.5	0.05187279	1	27.01914	7.43262e+26	2.372858e+28	
23100	1100	1e+19	0	5e-06	1.99584e+26	1.185146e+26	1.095941e+26	8.92052e+24	4.851589e+25	3.25535e+25	5.532967e+25	4.108105e+23	3.799365e+23	3.087397e+22	5.489481e+25	6.004826e+21	1.804742e+22	0.04150142	2.4948e+25	1.481433e+25	1.369926e+25	1.115065e+24	6.064486e+24	4.069188e+24	0.1631068	5.434576e+23	5.640052e-10	0.0004084167	1.30532e+12	7.04942e+07	1.494327e+09	4.558245e-07	3.830479e-13	6.689087e-20	0.5	0.5	0.05238838	1	27.37466	7.43262e+26	2.372858e+28	
23400	1100	1e+19	0	5e-06	2.02176e+26	1.196063e+26	1.106228e+26	8.983422e+24	4.941064e+25	3.31591e+25	5.604824e+25	4.108085e+23	3.800007e+23	3.080785e+22	5.561338e+25	5.934072e+21	1.812015e+22	0.04166867	2.5272e+25	1.495078e+25	1.382786e+25	1.122928e+24	6.17633e+24	4.144888e+24	0.1640111	5.42205e+23	5.657846e-10	0.0004113443	1.280124e+12	7.320659e+07	1.537416e+09	4.602885e-07	3.905872e-13	6.887541e-20	0.5	0.5	0.05290143	1	27.73017	7.43262e+26	2.372858e+28	
23700	1100	1e+19	0	5e-06	2.04768e+26	1.206904e+26	1.116447e+26	9.045708e+24	5.031082e+25	3.376677e+25	5.676681e+25	4.108066e+23	3.800638e+23	3.074275e+22	5.633195e+25	5.865177e+21	1.819099e+22	0.04183158	2.5596e+25	1.50863e+25	1.395559e+25	1.130713e+24	6.288853e+24	4.220847e+24	0.1649026	5.409733e+23	5.675405e-10	0.000414243	1.255768e+12	7.598525e+07	1.581081e+09	4.647308e-07	3.981628e-13	7.088889e-20	0.5	0.5	0.05341199	1	28.08569	7.43262e+26	2.372858e+28	
24000	1100	1e+19	0	5e-06	2.0736e+26	1.217671e+26	1.126597e+26	9.107387e+24	5.121637e+25	3.437652e+25	5.748538e+25	4.108047e+23	3.80126e+23	3.067863e+22	5.705051e+25	5.798066e+21	1.826002e+22	0.04199031	2.592e+25	1.522089e+25	1.408247e+25	1.138423e+24	6.402046e+24	4.297065e+24	0.1657818	5.39762e+23	5.692735e-10	0.0004171132	1.232212e+12	7.883081e+07	1.625318e+09	4.691517e-07	4.057742e-13	7.293129e-20	0.5	0.5	0.0539201	1	28.4412	7.43262e+26	2.372858e+28	
24300	1100	1e+19	0	5e-06	2.09952e+26	1.228365e+26	1.13668e+26	9.16847e+24	5.21272e+25	3.498835e+25	5.820394e+25	4.108028e+23	3.801873e+23	3.061549e+22	5.776908e+25	5.732668e+21	1.832731e+22	0.04214504	2.6244e+25	1.535456e+25	1.42085e+25	1.146059e+24	6.5159e+24	4.373543e+24	0.1666493	5.385705e+23	5.709841e-10	0.0004199554	1.20942e+12	8.174391e+07	1.670127e+09	4.735518e-07	4.134212e-13	7.50026e-20	0.5	0.5	0.0544258	1	28.79672	7.43262e+26	2.372858e+28	
24600	1100	1e+19	0	5e-06	2.12544e+26	1.238985e+26	1.146695e+26	9.228966e+24	5.304325e+25	3.560224e+25	5.892251e+25	4.108009e+23	3.802476e+23	3.055328e+22	5.848765e+25	5.668918e+21	1.839292e+22	0.04229591	2.6568e+25	1.548731e+25	1.433369e+25	1.153621e+24	6.630406e+24	4.45028e+24	0.1675053	5.373982e+23	5.726727e-10	0.0004227701	1.187357e+12	8.47252e+07	1.715506e+09	4.779313e-07	4.211033e-13	7.710281e-20	0.5	0.5	0.05492914	1	29.15223	7.43262e+26	2.372858e+28	
24900	1100	1e+19	0	5e-06	2.15136e+26	1.249534e+26	1.156645e+26	9.288883e+24	5.396444e+25	3.621821e+25	5.964108e+25	4.107991e+23	3.803071e+23	3.0492e+22	5.920621e+25	5.606752e+21	1.845691e+22	0.04244308	2.6892e+25	1.561917e+25	1.445806e+25	1.16111e+24	6.745555e+24	4.527276e+24	0.1683503	5.362448e+23	5.743398e-10	0.0004255577	1.16599e+12	8.777529e+07	1.761453e+09	4.822905e-07	4.288202e-13	7.92319e-20	0.5	0.5	0.05543015	1	29.50775	7.43262e+26	2.372858e+28	
25200	1100	1e+19	0	5e-06	2.17728e+26	1.26001e+26	1.166528e+26	9.348231e+24	5.48907e+25	3.683625e+25	6.035964e+25	4.107973e+23	3.803657e+23	3.043161e+22	5.992478e+25	5.54611e+21	1.851936e+22	0.04258668	2.7216e+25	1.575013e+25	1.45816e+25	1.168529e+24	6.861338e+24	4.604531e+24	0.1691847	5.351097e+23	5.759859e-10	0.0004283187	1.145288e+12	9.089483e+07	1.807967e+09	4.866299e-07	4.365715e-13	8.138986e-20	0.5	0.5	0.05592888	1	29.86326	7.43262e+26	2.372858e+28	
25500	1100	1e+19	0	5e-06	2.2032e+26	1.270417e+26	1.176346e+26	9.407018e+24	5.582198e+25	3.745636e+25	6.107821e+25	4.107955e+23	3.804234e+23	3.037211e+22	6.064335e+25	5.486935e+21	1.858031e+22	0.04272684	2.754e+25	1.588021e+25	1.470433e+25	1.175877e+24	6.977747e+24	4.682045e+24	0.1700089	5.339925e+23	5.776114e-10	0.0004310533	1.125222e+12	9.408442e+07	1.855046e+09	4.909498e-07	4.443569e-13	8.357668e-20	0.5	0.5	0.05642537	1	30.21878	7.43262e+26	2.372858e+28	
25800	1100	1e+19	0	5e-06	2.22912e+26	1.280753e+26	1.1861e+26	9.465253e+24	5.675819e+25	3.807853e+25	6.179678e+25	4.107937e+23	3.804803e+23	3.031345e+22	6.136192e+25	5.429174e+21	1.863983e+22	0.0428637	2.7864e+25	1.600941e+25	1.482625e+25	1.183157e+24	7.094774e+24	4.759817e+24	0.1708232	5.328926e+23	5.792167e-10	0.0004337621	1.105764e+12	9.73447e+07	1.902688e+09	4.952505e-07	4.521761e-13	8.579235e-20	0.5	0.5	0.05691965	1	30.57429	7.43262e+26	2.372858e+28	
26100	1100	1e+19	0	5e-06	2.25504e+26	1.291019e+26	1.19579e+26	9.522944e+24	5.769928e+25	3.870277e+25	6.251535e+25	4.10792e+23	3.805364e+23	3.025564e+22	6.208048e+25	5.372773e+21	1.869795e+22	0.04299737	2.8188e+25	1.613774e+25	1.494738e+25	1.190368e+24	7.212411e+24	4.837846e+24	0.1716279	5.318097e+23	5.808023e-10	0.0004364454	1.086889e+12	1.006763e+08	1.950893e+09	4.995322e-07	4.600286e-13	8.803685e-20	0.5	0.5	0.05741176	1	30.92981	7.43262e+26	2.372858e+28	
26400	1100	1e+19	0	5e-06	2.28096e+26	1.301217e+26	1.205416e+26	9.580099e+24	5.864519e+25	3.932907e+25	6.323391e+25	4.107903e+23	3.805917e+23	3.019864e+22	6.279905e+25	5.317686e+21	1.875474e+22	0.04312796	2.8512e+25	1.626522e+25	1.506771e+25	1.197512e+24	7.330649e+24	4.916133e+24	0.1724233	5.307434e+23	5.823685e-10	0.0004391036	1.068572e+12	1.040798e+08	1.999659e+09	5.037955e-07	4.679143e-13	9.031018e-20	0.5	0.5	0.05790174	1	31.28532	7.43262e+26	2.372858e+28	
26700	1100	1e+19	0	5e-06	2.30688e+26	1.311347e+26	1.21498e+26	9.636726e+24	5.959586e+25	3.995742e+25	6.395248e+25	4.107886e+23	3.806462e+23	3.014245e+22	6.351762e+25	5.263864e+21	1.881024e+22	0.04325559	2.8836e+25	1.639184e+25	1.518725e+25	1.204591e+24	7.449482e+24	4.994677e+24	0.1732098	5.296933e+23	5.839158e-10	0.000441737	1.050789e+12	1.075558e+08	2.048984e+09	5.080404e-07	4.758328e-13	9.261232e-20	0.5	0.5	0.05838962	1	31.64084	7.43262e+26	2.372858e+28	
27000	1100	1e+19	0	5e-06	2.3328e+26	1.32141e+26	1.224481e+26	9.692832e+24	6.055122e+25	4.058782e+25	6.467105e+25	4.10787e+23	3.807e+23	3.008703e+22	6.423619e+25	5.211264e+21	1.88645e+22	0.04338035	2.916e+25	1.651762e+25	1.530602e+25	1.211604e+24	7.568903e+24	5.073477e+24	0.1739876	5.286589e+23	5.854445e-10	0.0004443461	1.03352e+12	1.111049e+08	2.098866e+09	5.122674e-07	4.837838e-13	9.494327e-20	0.5	0.5	0.05887543	1	31.99635	7.43262e+26	2.372858e+28	
27300	1100	1e+19	0	5e-06	2.35872e+26	1.331405e+26	1.233921e+26	9.748425e+24	6.151122e+25	4.122027e+25	6.538962e+25	4.107854e+23	3.80753e+23	3.003238e+22	6.495475e+25	5.159843e+21	1.891755e+22	0.04350235	2.9484e+25	1.664256e+25	1.542401e+25	1.218553e+24	7.688902e+24	5.152534e+24	0.1747569	5.276399e+23	5.86955e-10	0.0004469311	1.016742e+12	1.147277e+08	2.149305e+09	5.164768e-07	4.91767e-13	9.730302e-20	0.5	0.5	0.05935922	1	32.35187	7.43262e+26	2.372858e+28	
27600	1100	1e+19	0	5e-06	2.38464e+26	1.341334e+26	1.243299e+26	9.803512e+24	6.24758e+25	4.185476e+25	6.610818e+25	4.107837e+23	3.808053e+23	2.997848e+22	6.567332e+25	5.10956e+21	1.896944e+22	0.04362168	2.9808e+25	1.676668e+25	1.554124e+25	1.225439e+24	7.809475e+24	5.231845e+24	0.1755181	5.266359e+23	5.884476e-10	0.0004494925	1.000436e+12	1.184249e+08	2.200299e+09	5.206687e-07	4.997822e-13	9.969155e-20	0.5	0.5	0.059841	1	32.70738	7.43262e+26	2.372858e+28	
27900	1100	1e+19	0	5e-06	2.41056e+26	1.351198e+26	1.252617e+26	9.8581e+24	6.344491e+25	4.249129e+25	6.682675e+25	4.107822e+23	3.808568e+23	2.992531e+22	6.639189e+25	5.060377e+21	1.902021e+22	0.04373843	3.0132e+25	1.688998e+25	1.565771e+25	1.232263e+24	7.930613e+24	5.311411e+24	0.1762714	5.256466e+23	5.899227e-10	0.0004520306	9.845833e+11	1.22197e+08	2.251846e+09	5.248435e-07	5.07829e-13	1.021089e-19	0.5	0.5	0.06032082	1	33.0629	7.43262e+26	2.372858e+28	
28200	1100	1e+19	0	5e-06	2.43648e+26	1.360997e+26	1.261875e+26	9.912197e+24	6.441848e+25	4.312985e+25	6.754532e+25	4.107806e+23	3.809077e+23	2.987286e+22	6.711045e+25	5.012258e+21	1.90699e+22	0.04385268	3.0456e+25	1.701246e+25	1.577343e+25	1.239025e+24	8.05231e+24	5.391231e+24	0.177017	5.246717e+23	5.913806e-10	0.0004545456	9.691664e+11	1.260445e+08	2.303946e+09	5.290015e-07	5.159073e-13	1.04555e-19	0.5	0.5	0.0607987	1	33.41841	7.43262e+26	2.372858e+28	
28500	1100	1e+19	0	5e-06	2.4624e+26	1.370731e+26	1.271073e+26	9.96581e+24	6.539648e+25	4.377044e+25	6.826388e+25	4.10779e+23	3.809579e+23	2.982111e+22	6.782902e+25	4.965166e+21	1.911853e+22	0.04396452	3.078e+25	1.713414e+25	1.588841e+25	1.245726e+24	8.17456e+24	5.471304e+24	0.1777552	5.237108e+23	5.928216e-10	0.000457038	9.541682e+11	1.299682e+08	2.356596e+09	5.331429e-07	5.240167e-13	1.070298e-19	0.5	0.5	0.06127467	1	33.77393	7.43262e+26	2.372858e+28	
28800	1100	1e+19	0	5e-06	2.48832e+26	1.380401e+26	1.280212e+26	1.001894e+25	6.637884e+25	4.441304e+25	6.898245e+25	4.107775e+23	3.810075e+23	2.977004e+22	6.854759e+25	4.919069e+21	1.916615e+22	0.04407403	3.1104e+25	1.725501e+25	1.600265e+25	1.252368e+24	8.297355e+24	5.55163e+24	0.1784861	5.227636e+23	5.942461e-10	0.0004595079	9.395725e+11	1.339685e+08	2.409796e+09	5.37268e-07	5.321569e-13	1.095335e-19	0.5	0.5	0.06174877	1	34.12944	7.43262e+26	2.372858e+28	
29100	1100	1e+19	0	5e-06	2.51424e+26	1.390008e+26	1.289292e+26	1.007161e+25	6.736552e+25	4.505767e+25	6.970102e+25	4.10776e+23	3.810564e+23	2.971965e+22	6.926616e+25	4.873933e+21	1.921279e+22	0.04418128	3.1428e+25	1.73751e+25	1.611615e+25	1.258951e+24	8.42069e+24	5.632208e+24	0.1792099	5.218298e+23	5.956544e-10	0.0004619559	9.253641e+11	1.380461e+08	2.463545e+09	5.41377e-07	5.403278e-13	1.120658e-19	0.5	0.5	0.06222102	1	34.48496	7.43262e+26	2.372858e+28	
29400	1100	1e+19	0	5e-06	2.54016e+26	1.399552e+26	1.298314e+26	1.01238e+25	6.835646e+25	4.57043e+25	7.041959e+25	4.107745e+23	3.811046e+23	2.966992e+22	6.998472e+25	4.829729e+21	1.925848e+22	0.04428634	3.1752e+25	1.749441e+25	1.622893e+25	1.265475e+24	8.544557e+24	5.713037e+24	0.1799268	5.209091e+23	5.970467e-10	0.000464382	9.115286e+11	1.422016e+08	2.51784e+09	5.454701e-07	5.485292e-13	1.14627e-19	0.5	0.5	0.06269145	1	34.84047	7.43262e+26	2.372858e+28	
29700	1100	1e+19	0	5e-06	2.56608e+26	1.409035e+26	1.307279e+26	1.017554e+25	6.935162e+25	4.635293e+25	7.113815e+25	4.107731e+23	3.811522e+23	2.962083e+22	7.070329e+25	4.786427e+21	1.930325e+22	0.04438929	3.2076e+25	1.761293e+25	1.634099e+25	1.271943e+24	8.668952e+24	5.794116e+24	0.1806371	5.200013e+23	5.984233e-10	0.0004667867	8.98052e+11	1.464354e+08	2.572681e+09	5.495477e-07	5.567607e-13	1.172168e-19	0.5	0.5	0.06316009	1	35.19599	7.43262e+26	2.372858e+28	
30000	1100	1e+19	0	5e-06	2.592e+26	1.418455e+26	1.316187e+26	1.022683e+25	7.035095e+25	4.700356e+25	7.185672e+25	4.107716e+23	3.811993e+23	2.957237e+22	7.142186e+25	4.743998e+21	1.934712e+22	0.04449018	3.24e+25	1.773069e+25	1.645233e+25	1.278353e+24	8.793868e+24	5.875445e+24	0.1813409	5.191059e+23	5.997846e-10	0.0004691703	8.849212e+11	1.507482e+08	2.628066e+09	5.536098e-07	5.650221e-13	1.198355e-19	0.5	0.5	0.06362696	1	35.5515	7.43262e+26	2.372858e+28	
